

















































12:00:00 1/1/19100
Welcome to Universal Machine IX (UMIX).

This machine is a shared resource. Please do not log
in to multiple simultaneous UMIX servers. No game playing
is allowed.

Please log in (use 'guest' for visitor access).
;login: logged in as guest
INTRO.LOG=200@999999|35e6f52e9bc951917c73af391e35e1d


You have new mail. Type 'mail' to view.
% 
You have new mail. Type 'mail' to view.
% 56 20 20 20 20 20 20 20 20 52 45 4D 20 20 2B 2D
2D 2D 2D 2D 2D 2D 2D 2D 2D 2D 2D 2D 2D 2D 2D 2D
2D 2D 2D 2D 2D 2D 2D 2D 2D 2D 2D 2D 2D 2D 2D 2D
2D 2D 2D 2D 2D 2D 2D 2D 2D 2D 2D 2D 2D 2D 2D 2B
0A 58 20 20 20 20 20 20 20 20 52 45 4D 20 20 7C
20 48 41 43 4B 2E 42 41 53 20 20 20 20 20 20 28
63 29 20 31 39 31 30 30 20 20 20 66 72 33 33 20
76 34 72 31 34 62 6C 33 7A 20 20 20 20 20 20 20
7C 0A 58 56 20 20 20 20 20 20 20 52 45 4D 20 20
7C 20 20 20 20 20 20 20 20 20 20 20 20 20 20 20
20 20 20 20 20 20 20 20 20 20 20 20 20 20 20 20
20 20 20 20 20 20 20 20 20 20 20 20 20 20 20 20
20 7C 0A 58 58 20 20 20 20 20 20 20 52 45 4D 20
20 7C 20 42 72 75 74 65 2D 66 6F 72 63 65 73 20
70 61 73 73 77 6F 72 64 73 20 6F 6E 20 55 4D 20
76 49 58 2E 30 20 73 79 73 74 65 6D 73 2E 20 20
20 20 7C 0A 58 58 56 20 20 20 20 20 20 52 45 4D
20 20 7C 20 43 6F 6D 70 69 6C 65 20 77 69 74 68
20 51 76 69 63 6B 62 61 73 69 63 20 56 49 49 2E
30 20 6F 72 20 6C 61 74 65 72 3A 20 20 20 20 20
20 20 20 7C 0A 58 58 58 20 20 20 20 20 20 52 45
4D 20 20 7C 20 20 20 20 2F 62 69 6E 2F 71 62 61
73 69 63 20 68 61 63 6B 2E 62 61 73 20 20 20 20
20 20 20 20 20 20 20 20 20 20 20 20 20 20 20 20
20 20 20 20 7C 0A 58 58 58 56 20 20 20 20 20 52
45 4D 20 20 7C 20 54 68 65 6E 20 72 75 6E 3A 20
20 20 20 20 20 20 20 20 20 20 20 20 20 20 20 20
20 20 20 20 20 20 20 20 20 20 20 20 20 20 20 20
20 20 20 20 20 7C 0A 58 4C 20 20 20 20 20 20 20
52 45 4D 20 20 7C 20 20 20 2E 2F 68 61 63 6B 2E
65 78 65 20 75 73 65 72 6E 61 6D 65 20 20 20 20
20 20 20 20 20 20 20 20 20 20 20 20 20 20 20 20
20 20 20 20 20 20 7C 0A 58 4C 56 20 20 20 20 20
20 52 45 4D 20 20 7C 20 20 20 20 20 20 20 20 20
20 20 20 20 20 20 20 20 20 20 20 20 20 20 20 20
20 20 20 20 20 20 20 20 20 20 20 20 20 20 20 20
20 20 20 20 20 20 20 7C 0A 4C 20 20 20 20 20 20
20 20 52 45 4D 20 20 7C 20 54 68 69 73 20 70 72
6F 67 72 61 6D 20 69 73 20 66 6F 72 20 65 64 75
63 61 74 69 6F 6E 61 6C 20 70 75 72 70 6F 73 65
73 20 6F 6E 6C 79 21 20 7C 0A 4C 56 20 20 20 20
20 20 20 52 45 4D 20 20 2B 2D 2D 2D 2D 2D 2D 2D
2D 2D 2D 2D 2D 2D 2D 2D 2D 2D 2D 2D 2D 2D 2D 2D
2D 2D 2D 2D 2D 2D 2D 2D 2D 2D 2D 2D 2D 2D 2D 2D
2D 2D 2D 2D 2D 2D 2D 2D 2D 2B 0A 4C 58 20 20 20
20 20 20 20 52 45 4D 0A 4C 58 56 20 20 20 20 20
20 49 46 20 41 52 47 53 28 29 20 3E 20 49 20 54
48 45 4E 20 47 4F 54 4F 20 4C 58 58 58 56 0A 4C
58 58 20 20 20 20 20 20 50 52 49 4E 54 20 22 75
73 61 67 65 3A 20 2E 2F 68 61 63 6B 2E 65 78 65
20 75 73 65 72 6E 61 6D 65 22 0A 4C 58 58 56 20
20 20 20 20 50 52 49 4E 54 20 43 48 52 28 58 29
0A 4C 58 58 58 20 20 20 20 20 45 4E 44 0A 4C 58
58 58 56 20 20 20 20 52 45 4D 0A 58 43 20 20 20
20 20 20 20 52 45 4D 20 20 67 65 74 20 75 73 65
72 6E 61 6D 65 20 66 72 6F 6D 20 63 6F 6D 6D 61
6E 64 20 6C 69 6E 65 0A 58 43 56 20 20 20 20 20
20 44 49 4D 20 75 73 65 72 6E 61 6D 65 20 41 53
20 53 54 52 49 4E 47 0A 43 20 20 20 20 20 20 20
20 75 73 65 72 6E 61 6D 65 20 3D 20 41 52 47 28
49 49 29 0A 43 56 20 20 20 20 20 20 20 52 45 4D
20 20 63 6F 6D 6D 6F 6E 20 77 6F 72 64 73 20 75
73 65 64 20 69 6E 20 70 61 73 73 77 6F 72 64 73
0A 43 58 20 20 20 20 20 20 20 44 49 4D 20 70 77
64 63 6F 75 6E 74 20 41 53 20 49 4E 54 45 47 45
52 0A 43 58 56 20 20 20 20 20 20 70 77 64 63 6F
75 6E 74 20 3D 20 4C 49 49 49 0A 43 58 58 20 20
20 20 20 20 44 49 4D 20 77 6F 72 64 73 28 70 77
64 63 6F 75 6E 74 29 20 41 53 20 53 54 52 49 4E
47 0A 43 58 58 56 20 20 20 20 20 77 6F 72 64 73
28 49 29 20 3D 20 22 61 69 72 70 6C 61 6E 65 22
0A 43 58 58 58 20 20 20 20 20 77 6F 72 64 73 28
49 49 29 20 3D 20 22 61 6C 70 68 61 62 65 74 22
0A 43 58 58 58 56 20 20 20 20 77 6F 72 64 73 28
49 49 49 29 20 3D 20 22 61 76 69 61 74 6F 72 22
0A 43 58 4C 20 20 20 20 20 20 77 6F 72 64 73 28
49 56 29 20 3D 20 22 62 69 64 69 72 65 63 74 69
6F 6E 61 6C 22 0A 43 58 4C 56 20 20 20 20 20 77
6F 72 64 73 28 56 29 20 3D 20 22 63 68 61 6E 67
65 6D 65 22 0A 43 4C 20 20 20 20 20 20 20 77 6F
72 64 73 28 56 49 29 20 3D 20 22 63 72 65 6F 73
6F 74 65 22 0A 43 4C 56 20 20 20 20 20 20 77 6F
72 64 73 28 56 49 49 29 20 3D 20 22 63 79 63 6C
6F 6E 65 22 0A 43 4C 58 20 20 20 20 20 20 77 6F
72 64 73 28 56 49 49 49 29 20 3D 20 22 64 65 63
65 6D 62 65 72 22 0A 43 4C 58 56 20 20 20 20 20
77 6F 72 64 73 28 49 58 29 20 3D 20 22 64 6F 6C
70 68 69 6E 22 0A 43 4C 58 58 20 20 20 20 20 77
6F 72 64 73 28 58 29 20 3D 20 22 65 6C 65 70 68
61 6E 74 22 0A 43 4C 58 58 56 20 20 20 20 77 6F
72 64 73 28 58 49 29 20 3D 20 22 65 72 73 61 74
7A 22 0A 43 4C 58 58 58 20 20 20 20 77 6F 72 64
73 28 58 49 49 29 20 3D 20 22 66 61 6C 64 65 72
61 6C 22 0A 43 4C 58 58 58 56 20 20 20 77 6F 72
64 73 28 58 49 49 49 29 20 3D 20 22 66 75 6E 63
74 69 6F 6E 61 6C 22 0A 43 58 43 20 20 20 20 20
20 77 6F 72 64 73 28 58 49 56 29 20 3D 20 22 66
75 74 75 72 65 22 0A 43 58 43 56 20 20 20 20 20
77 6F 72 64 73 28 58 56 29 20 3D 20 22 67 75 69
74 61 72 22 0A 43 43 20 20 20 20 20 20 20 77 6F
72 64 73 28 58 56 49 29 20 3D 20 22 67 79 6D 6E
61 73 74 22 0A 43 43 56 20 20 20 20 20 20 77 6F
72 64 73 28 58 56 49 49 29 20 3D 20 22 68 65 6C
6C 6F 22 0A 43 43 58 20 20 20 20 20 20 77 6F 72
64 73 28 58 56 49 49 49 29 20 3D 20 22 69 6D 62
72 6F 67 6C 69 6F 22 0A 43 43 58 56 20 20 20 20
20 77 6F 72 64 73 28 58 49 58 29 20 3D 20 22 6A
61 6E 75 61 72 79 22 0A 43 43 58 58 20 20 20 20
20 77 6F 72 64 73 28 58 58 29 20 3D 20 22 6A 6F
73 68 75 61 22 0A 43 43 58 58 56 20 20 20 20 77
6F 72 64 73 28 58 58 49 29 20 3D 20 22 6B 65 72
6E 65 6C 22 0A 43 43 58 58 58 20 20 20 20 77 6F
72 64 73 28 58 58 49 49 29 20 3D 20 22 6B 69 6E
67 66 69 73 68 22 0A 43 43 58 58 58 56 20 20 20
77 6F 72 64 73 28 58 58 49 49 49 29 20 3D 20 22
28 5C 62 2E 62 62 29 28 5C 76 2E 76 76 29 22 0A
43 43 58 4C 20 20 20 20 20 77 6F 72 64 73 28 58
58 49 56 29 20 3D 20 22 6D 69 6C 6C 65 6E 6E 69
75 6D 22 0A 43 43 58 4C 56 20 20 20 20 77 6F 72
64 73 28 58 58 56 29 20 3D 20 22 6D 6F 6E 64 61
79 22 0A 43 43 4C 20 20 20 20 20 20 77 6F 72 64
73 28 58 58 56 49 29 20 3D 20 22 6E 65 6D 65 73
69 73 22 0A 43 43 4C 56 20 20 20 20 20 77 6F 72
64 73 28 58 58 56 49 49 29 20 3D 20 22 6F 61 74
6D 65 61 6C 22 0A 43 43 4C 58 20 20 20 20 20 77
6F 72 64 73 28 58 58 56 49 49 49 29 20 3D 20 22
6F 63 74 6F 62 65 72 22 0A 43 43 4C 58 56 20 20
20 20 77 6F 72 64 73 28 58 58 49 58 29 20 3D 20
22 70 61 6C 61 64 69 6E 22 0A 43 43 4C 58 58 20
20 20 20 77 6F 72 64 73 28 58 58 58 29 20 3D 20
22 70 61 73 73 22 0A 43 43 4C 58 58 56 20 20 20
77 6F 72 64 73 28 58 58 58 49 29 20 3D 20 22 70
61 73 73 77 6F 72 64 22 0A 43 43 4C 58 58 58 20
20 20 77 6F 72 64 73 28 58 58 58 49 49 29 20 3D
20 22 70 65 6E 67 75 69 6E 22 0A 43 43 4C 58 58
58 56 20 20 77 6F 72 64 73 28 58 58 58 49 49 49
29 20 3D 20 22 70 6F 6C 79 6E 6F 6D 69 61 6C 22
0A 43 43 58 43 20 20 20 20 20 77 6F 72 64 73 28
58 58 58 49 56 29 20 3D 20 22 70 6F 70 63 6F 72
6E 22 0A 43 43 58 43 56 20 20 20 20 77 6F 72 64
73 28 58 58 58 56 29 20 3D 20 22 71 77 65 72 74
79 22 0A 43 43 43 20 20 20 20 20 20 77 6F 72 64
73 28 58 58 58 56 49 29 20 3D 20 22 73 61 69 6C
6F 72 22 0A 43 43 43 56 20 20 20 20 20 77 6F 72
64 73 28 58 58 58 56 49 49 29 20 3D 20 22 73 77
6F 72 64 66 69 73 68 22 0A 43 43 43 58 20 20 20
20 20 77 6F 72 64 73 28 58 58 58 56 49 49 49 29
20 3D 20 22 73 79 6D 6D 65 74 72 79 22 0A 43 43
43 58 56 20 20 20 20 77 6F 72 64 73 28 58 58 58
49 58 29 20 3D 20 22 73 79 73 74 65 6D 22 0A 43
43 43 58 58 20 20 20 20 77 6F 72 64 73 28 58 4C
29 20 3D 20 22 74 61 74 74 6F 6F 22 0A 43 43 43
58 58 56 20 20 20 77 6F 72 64 73 28 58 4C 49 29
20 3D 20 22 74 68 75 72 73 64 61 79 22 0A 43 43
43 58 58 58 20 20 20 77 6F 72 64 73 28 58 4C 49
49 29 20 3D 20 22 74 69 6E 6D 61 6E 22 0A 43 43
43 58 58 58 56 20 20 77 6F 72 64 73 28 58 4C 49
49 49 29 20 3D 20 22 74 6F 70 6F 67 72 61 70 68
79 22 0A 43 43 43 58 4C 20 20 20 20 77 6F 72 64
73 28 58 4C 49 56 29 20 3D 20 22 75 6E 69 63 6F
72 6E 22 0A 43 43 43 58 4C 56 20 20 20 77 6F 72
64 73 28 58 4C 56 29 20 3D 20 22 76 61 64 65 72
22 0A 43 43 43 4C 20 20 20 20 20 77 6F 72 64 73
28 58 4C 56 49 29 20 3D 20 22 76 61 6D 70 69 72
65 22 0A 43 43 43 4C 56 20 20 20 20 77 6F 72 64
73 28 58 4C 56 49 49 29 20 3D 20 22 76 69 70 65
72 22 0A 43 43 43 4C 58 20 20 20 20 77 6F 72 64
73 28 58 4C 56 49 49 49 29 20 3D 20 22 77 61 72
65 7A 22 0A 43 43 43 4C 58 56 20 20 20 77 6F 72
64 73 28 58 4C 49 58 29 20 3D 20 22 78 61 6E 61
64 75 22 0A 43 43 43 4C 58 58 20 20 20 77 6F 72
64 73 28 4C 29 20 3D 20 22 78 79 7A 7A 79 22 0A
43 43 43 4C 58 58 56 20 20 77 6F 72 64 73 28 4C
49 29 20 3D 20 22 7A 65 70 68 79 72 22 0A 43 43
43 4C 58 58 58 20 20 77 6F 72 64 73 28 4C 49 49
29 20 3D 20 22 7A 65 70 70 65 6C 69 6E 22 0A 43
43 43 4C 58 58 58 56 20 77 6F 72 64 73 28 4C 49
49 49 29 20 3D 20 22 7A 78 63 76 62 6E 6D 22 0A
43 43 43 58 43 20 20 20 20 52 45 4D 20 74 72 79
20 65 61 63 68 20 70 61 73 73 77 6F 72 64 0A 43
43 43 58 43 56 20 20 20 50 52 49 4E 54 20 22 61
74 74 65 6D 70 74 69 6E 67 20 68 61 63 6B 20 77
69 74 68 20 22 20 2B 20 70 77 64 63 6F 75 6E 74
20 2B 20 22 20 70 61 73 73 77 6F 72 64 73 20 22
20 2B 20 43 48 52 28 58 29 0A 43 44 20 20 20 20
20 20 20 44 49 4D 20 69 20 41 53 20 49 4E 54 45
47 45 52 0A 43 44 56 20 20 20 20 20 20 69 20 3D
20 49 0A 43 44 58 20 20 20 20 20 20 49 46 20 43
48 45 43 4B 50 41 53 53 28 75 73 65 72 6E 61 6D
65 2C 20 77 6F 72 64 73 28 69 29 29 20 54 48 45
4E 20 47 4F 54 4F 20 43 44 58 58 58 0A 43 44 58
56 20 20 20 20 20 69 20 3D 20 69 20 2B 20 49 0A
43 44 58 58 20 20 20 20 20 49 46 20 69 20 3E 20
70 77 64 63 6F 75 6E 74 20 54 48 45 4E 20 47 4F
54 4F 20 43 44 58 4C 56 0A 43 44 58 58 56 20 20
20 20 47 4F 54 4F 20 43 44 58 0A 43 44 58 58 58
20 20 20 20 50 52 49 4E 54 20 22 66 6F 75 6E 64
20 6D 61 74 63 68 21 21 20 66 6F 72 20 75 73 65
72 20 22 20 2B 20 75 73 65 72 6E 61 6D 65 20 2B
20 43 48 52 28 58 29 0A 43 44 58 58 58 56 20 20
20 50 52 49 4E 54 20 22 70 61 73 73 77 6F 72 64
3A 20 22 20 2B 20 77 6F 72 64 73 28 69 29 20 2B
20 43 48 52 28 58 29 0A 43 44 58 4C 20 20 20 20
20 45 4E 44 0A 43 44 58 4C 56 20 20 20 20 50 52
49 4E 54 20 22 6E 6F 20 73 69 6D 70 6C 65 20 6D
61 74 63 68 65 73 20 66 6F 72 20 75 73 65 72 20
22 20 2B 20 75 73 65 72 6E 61 6D 65 20 2B 20 43
48 52 28 58 29 0A 43 44 4C 20 20 20 20 20 20 52
45 4D 0A 43 44 4C 56 20 20 20 20 20 52 45 4D 20
20 74 68 65 20 61 62 6F 76 65 20 63 6F 64 65 20
77 69 6C 6C 20 70 72 6F 62 61 62 6C 79 20 63 72
61 63 6B 20 70 61 73 73 77 6F 72 64 73 20 66 6F
72 20 6D 61 6E 79 0A 43 44 4C 58 20 20 20 20 20
52 45 4D 20 20 75 73 65 72 73 20 73 6F 20 49 20
61 6C 77 61 79 73 20 74 72 79 20 69 74 20 66 69
72 73 74 2E 20 77 68 65 6E 20 69 74 20 66 61 69
6C 73 2C 20 49 20 74 72 79 20 74 68 65 0A 43 44
4C 58 56 20 20 20 20 52 45 4D 20 20 6D 6F 72 65
20 65 78 70 65 6E 73 69 76 65 20 6D 65 74 68 6F
64 20 62 65 6C 6F 77 2E 0A 43 44 4C 58 58 20 20
20 20 52 45 4D 0A 43 44 4C 58 58 56 20 20 20 52
45 4D 20 20 70 61 73 73 77 6F 72 64 73 20 6F 66
74 65 6E 20 74 61 6B 65 20 74 68 65 20 66 6F 72
6D 0A 43 44 4C 58 58 58 20 20 20 52 45 4D 20 20
20 20 64 69 63 74 77 6F 72 64 44 44 0A 43 44 4C
58 58 58 56 20 20 52 45 4D 20 20 77 68 65 72 65
20 44 44 20 69 73 20 61 20 74 77 6F 2D 64 69 67
69 74 20 64 65 63 69 6D 61 6C 20 6E 75 6D 62 65
72 2E 20 74 72 79 20 74 68 65 73 65 20 6E 65 78
74 3A 0A 43 44 58 43 20 20 20 20 20 69 20 3D 20
49 0A 43 44 58 43 56 20 20 20 20 44 49 4D 20 6A
20 41 53 20 49 4E 54 45 47 45 52 0A 44 20 20 20
20 20 20 20 20 49 46 20 69 20 3E 20 20 7E 33 55
24 70 3B 4A 53 2A 58 3F 3A 38 3C 20 4D 52 63 3C
31 20 2C 2C 2C 29 2F 7A 57 57 57 57 57 57 57 57
57 57 57 0A 0A 0A 23 39 61 5B 45 53 43 5B 5E 40
5E 40 5E 40 0A 0A 20 20 20 20 20 20 20 66 33 23
24 41 33 20 6A 6E 5E 5E 43 41 52 52 49 45 52 20
44 52 4F 50 50 45 44 0A 0A 

You have new mail. Type 'mail' to view.
% 