

















































12:00:00 1/1/19100
Welcome to Universal Machine IX (UMIX).

This machine is a shared resource. Please do not log
in to multiple simultaneous UMIX servers. No game playing
is allowed.

Please log in (use 'guest' for visitor access).
;login: password: logged in as knr


% INTRO.UCC=10@999999|8f9afed874f2737d2da23b2044d4868
% -rw-    knr              5844 a.um
-r-x    knr                 ? ucc
-rw-    knr              1239 README
-rw-    knr                38 hello.c
-rw-    knr               624 io.c
-rw-    knr               161 std.c
-rw-    knr              2881 um.c
-rw-    knr                49 .history
% DA 00 00 EA DE 00 00 01 D0 00 00 01 D6 00 00 1F
80 00 00 13 D6 00 00 00 30 00 00 EB 20 00 01 9A
20 00 00 B0 D0 00 00 02 D4 00 00 00 30 00 00 AA
10 00 00 B2 D6 00 00 01 20 00 00 98 D0 00 00 04
D4 00 00 00 30 00 00 AA 10 00 00 B2 D6 00 00 02
20 00 00 98 D0 00 00 08 D4 00 00 00 30 00 00 AA
10 00 00 B2 D6 00 00 03 20 00 00 98 D0 00 00 10
D4 00 00 00 30 00 00 AA 10 00 00 B2 D6 00 00 04
20 00 00 98 D0 00 00 20 D4 00 00 00 30 00 00 AA
10 00 00 B2 D6 00 00 05 20 00 00 98 D0 00 00 40
D4 00 00 00 30 00 00 AA 10 00 00 B2 D6 00 00 06
20 00 00 98 D0 00 00 80 D4 00 00 00 30 00 00 AA
10 00 00 B2 D6 00 00 07 20 00 00 98 D0 00 01 00
D4 00 00 00 30 00 00 AA 10 00 00 B2 D6 00 00 08
20 00 00 98 D0 00 02 00 D4 00 00 00 30 00 00 AA
10 00 00 B2 D6 00 00 09 20 00 00 98 D0 00 04 00
D4 00 00 00 30 00 00 AA 10 00 00 B2 D6 00 00 0A
20 00 00 98 D0 00 08 00 D4 00 00 00 30 00 00 AA
10 00 00 B2 D6 00 00 0B 20 00 00 98 D0 00 10 00
D4 00 00 00 30 00 00 AA 10 00 00 B2 D6 00 00 0C
20 00 00 98 D0 00 20 00 D4 00 00 00 30 00 00 AA
10 00 00 B2 D6 00 00 0D 20 00 00 98 D0 00 40 00
D4 00 00 00 30 00 00 AA 10 00 00 B2 D6 00 00 0E
20 00 00 98 D0 00 80 00 D4 00 00 00 30 00 00 AA
10 00 00 B2 D6 00 00 0F 20 00 00 98 D0 01 00 00
D4 00 00 00 30 00 00 AA 10 00 00 B2 D6 00 00 10
20 00 00 98 D0 02 00 00 D4 00 00 00 30 00 00 AA
10 00 00 B2 D6 00 00 11 20 00 00 98 D0 04 00 00
D4 00 00 00 30 00 00 AA 10 00 00 B2 D6 00 00 12
20 00 00 98 D0 08 00 00 D4 00 00 00 30 00 00 AA
10 00 00 B2 D6 00 00 13 20 00 00 98 D0 10 00 00
D4 00 00 00 30 00 00 AA 10 00 00 B2 D6 00 00 14
20 00 00 98 D0 20 00 00 D4 00 00 00 30 00 00 AA
10 00 00 B2 D6 00 00 15 20 00 00 98 D0 40 00 00
D4 00 00 00 30 00 00 AA 10 00 00 B2 D6 00 00 16
20 00 00 98 D0 80 00 00 D4 00 00 00 30 00 00 AA
10 00 00 B2 D6 00 00 17 20 00 00 98 D1 00 00 00
D4 00 00 00 30 00 00 AA 10 00 00 B2 D6 00 00 18
20 00 00 98 D0 00 02 00 D4 01 00 00 40 00 00 10
D4 00 00 00 30 00 00 AA 10 00 00 B2 D6 00 00 19
20 00 00 98 D0 00 04 00 D4 01 00 00 40 00 00 10
D4 00 00 00 30 00 00 AA 10 00 00 B2 D6 00 00 1A
20 00 00 98 D0 00 08 00 D4 01 00 00 40 00 00 10
D4 00 00 00 30 00 00 AA 10 00 00 B2 D6 00 00 1B
20 00 00 98 D0 00 10 00 D4 01 00 00 40 00 00 10
D4 00 00 00 30 00 00 AA 10 00 00 B2 D6 00 00 1C
20 00 00 98 D0 00 20 00 D4 01 00 00 40 00 00 10
D4 00 00 00 30 00 00 AA 10 00 00 B2 D6 00 00 1D
20 00 00 98 D0 00 40 00 D4 01 00 00 40 00 00 10
D4 00 00 00 30 00 00 AA 10 00 00 B2 D6 00 00 1E
20 00 00 98 D6 00 00 00 30 00 00 EB 10 00 00 33
30 00 00 76 D6 00 01 4E 20 00 01 98 30 00 00 DF
20 00 01 99 D0 00 00 00 D4 00 00 00 30 00 00 AA
20 00 01 90 D0 00 00 01 D6 00 00 00 30 00 00 EB
10 00 00 B3 60 00 01 C0 30 00 00 17 DE 00 00 01
30 00 00 38 D6 00 01 50 20 00 01 98 D0 00 00 01
D6 00 01 51 20 00 01 98 D0 00 00 00 D6 00 01 52
20 00 01 98 D4 00 00 E9 20 00 01 AA D4 00 05 50
C0 00 00 32 70 00 00 00 00 00 00 00 00 00 00 00
00 00 00 00 00 00 00 00 00 00 00 00 00 00 00 00
00 00 00 00 00 00 00 00 00 00 00 00 00 00 00 00
00 00 00 00 00 00 00 00 00 00 00 00 00 00 00 00
00 00 00 00 00 00 00 00 00 00 00 00 00 00 00 00
00 00 00 00 00 00 00 00 00 00 00 00 00 00 00 00
00 00 00 00 00 00 00 00 00 00 00 00 00 00 00 00
00 00 00 00 00 00 00 00 00 00 00 00 00 00 00 00
00 00 00 00 00 00 00 00 00 00 00 00 00 00 00 00
00 00 00 00 00 00 00 00 00 00 00 00 00 00 00 00
00 00 00 00 00 00 00 00 00 00 00 00 00 00 00 00
00 00 00 00 00 00 00 00 00 00 00 00 00 00 00 00
00 00 00 00 00 00 00 00 00 00 00 00 00 00 00 00
00 00 00 00 00 00 00 00 00 00 00 00 00 00 00 00
00 00 00 00 00 00 00 00 00 00 00 00 00 00 00 00
00 00 00 00 00 00 00 00 00 00 00 00 00 00 00 00
00 00 00 00 00 00 00 00 00 00 00 00 00 00 00 00
00 00 00 00 00 00 00 00 00 00 00 00 00 00 00 00
00 00 00 00 00 00 00 00 00 00 00 00 00 00 00 00
00 00 00 00 00 00 00 00 00 00 00 00 00 00 00 00
00 00 00 00 00 00 00 00 00 00 00 00 00 00 00 00
00 00 00 00 00 00 00 00 00 00 00 00 00 00 00 00
00 00 00 00 00 00 00 00 00 00 00 00 00 00 00 00
00 00 00 00 00 00 00 00 00 00 00 00 00 00 00 00
00 00 00 00 00 00 00 00 00 00 00 00 00 00 00 00
00 00 00 00 00 00 00 00 00 00 00 00 00 00 00 00
00 00 00 00 00 00 00 00 00 00 00 00 D4 00 00 01
30 00 00 AA 10 00 00 32 A0 00 00 00 10 00 00 B5
C0 00 00 32 B0 00 00 00 10 00 00 B5 C0 00 00 32
D4 00 00 01 30 00 00 AA 10 00 00 32 30 00 00 97
10 00 00 72 90 00 00 00 10 00 00 B5 C0 00 00 32
D4 00 00 01 30 00 00 AA 10 00 00 32 80 00 00 00
30 00 00 76 10 00 00 B5 C0 00 00 32 D0 00 00 01
D4 00 00 01 30 00 00 AA 10 00 00 32 30 00 00 97
10 00 00 72 10 00 00 01 D4 00 01 A3 D6 00 01 76
00 00 00 98 C0 00 00 32 D4 00 00 01 30 00 00 AA
10 00 00 32 30 00 00 97 10 00 00 72 10 00 00 01
D6 00 00 04 30 00 00 EB 20 00 01 98 D4 00 00 03
30 00 01 6A D6 00 01 85 20 00 01 AB D4 00 01 53
C0 00 00 32 D4 00 00 03 60 00 01 D2 30 00 01 6F
DE 00 00 01 30 00 01 7D D4 00 00 01 30 00 00 AA
10 00 00 32 30 00 00 97 10 00 00 72 D4 00 00 03
30 00 00 AA 20 00 01 90 30 00 00 97 20 00 01 91
D0 00 00 01 D6 00 00 03 30 00 00 EB 10 00 00 B3
30 00 00 DF 10 00 00 F3 30 00 00 43 30 00 00 16
D6 00 00 01 30 00 00 EB 20 00 01 98 30 00 00 DF
20 00 01 99 D4 00 01 6C C0 00 00 32 10 00 00 B5
C0 00 00 32 D4 00 00 02 30 00 01 6A D6 00 01 AB
20 00 01 AB D4 00 01 59 C0 00 00 32 D4 00 00 02
60 00 01 D2 30 00 01 6F DE 00 00 01 30 00 01 7D
D6 00 00 01 30 00 00 EB 20 00 01 98 D4 00 00 01
30 00 00 AA 10 00 00 32 D4 00 00 02 30 00 00 AA
20 00 01 90 D6 00 01 4E 10 00 00 33 30 00 00 DF
10 00 00 73 D4 00 00 03 30 00 00 AA 20 00 01 90
30 00 00 97 20 00 01 91 D0 00 00 08 D6 00 00 03
30 00 00 EB 10 00 00 B3 30 00 00 DF 10 00 00 F3
30 00 00 43 30 00 00 16 10 00 00 01 D6 00 00 02
30 00 00 EB 10 00 00 B3 40 00 00 10 D4 00 00 02
30 00 00 AA 20 00 01 90 D4 00 00 03 30 00 01 6A
D6 00 01 D8 20 00 01 AB D4 00 01 59 C0 00 00 32
D4 00 00 03 60 00 01 D2 30 00 01 6F DE 00 00 01
30 00 01 7D D6 00 00 02 30 00 00 EB 10 00 00 B3
60 00 00 D2 60 00 00 00 60 00 00 18 D6 00 00 01
30 00 00 EB 20 00 01 98 D4 00 00 01 30 00 00 AA
10 00 00 32 D4 00 00 02 30 00 00 AA 20 00 01 90
D6 00 01 4E 10 00 00 33 30 00 00 DF 10 00 00 73
D4 00 00 03 30 00 00 AA 20 00 01 90 30 00 00 97
20 00 01 91 D0 00 00 08 D6 00 00 03 30 00 00 EB
10 00 00 B3 30 00 00 DF 10 00 00 F3 30 00 00 43
30 00 00 16 10 00 00 01 D6 00 00 02 30 00 00 EB
10 00 00 B3 40 00 00 10 D4 00 00 02 30 00 00 AA
20 00 01 90 D4 00 00 03 30 00 01 6A D6 00 02 0B
20 00 01 AB D4 00 01 59 C0 00 00 32 D4 00 00 03
60 00 01 D2 30 00 01 6F DE 00 00 01 30 00 01 7D
D6 00 00 02 30 00 00 EB 10 00 00 B3 60 00 00 D2
60 00 00 00 60 00 00 18 D6 00 00 01 30 00 00 EB
20 00 01 98 D4 00 00 01 30 00 00 AA 10 00 00 32
D4 00 00 02 30 00 00 AA 20 00 01 90 D6 00 01 4E
10 00 00 33 30 00 00 DF 10 00 00 73 D4 00 00 03
30 00 00 AA 20 00 01 90 30 00 00 97 20 00 01 91
D0 00 00 08 D6 00 00 03 30 00 00 EB 10 00 00 B3
30 00 00 DF 10 00 00 F3 30 00 00 43 30 00 00 16
10 00 00 01 D6 00 00 02 30 00 00 EB 10 00 00 B3
40 00 00 10 D4 00 00 02 30 00 00 AA 20 00 01 90
D4 00 00 03 30 00 01 6A D6 00 02 3E 20 00 01 AB
D4 00 01 59 C0 00 00 32 D4 00 00 03 60 00 01 D2
30 00 01 6F DE 00 00 01 30 00 01 7D D6 00 00 02
30 00 00 EB 10 00 00 B3 60 00 00 D2 60 00 00 00
60 00 00 18 D6 00 00 01 30 00 00 EB 20 00 01 98
D4 00 00 01 30 00 00 AA 10 00 00 32 10 00 00 B5
C0 00 00 32 10 00 00 B5 C0 00 00 32 D4 00 00 02
30 00 00 AA 10 00 00 32 30 00 00 97 10 00 00 72
D6 00 00 04 30 00 00 EB 20 00 01 98 30 00 00 DF
20 00 01 99 D0 00 00 00 D6 00 00 06 30 00 00 EB
20 00 01 98 D4 00 00 01 30 00 00 AA 10 00 00 32
D4 00 00 07 30 00 00 AA 20 00 01 90 D0 00 00 00
D6 00 00 07 30 00 00 EB 10 00 00 B3 D8 00 80 00
D6 01 00 00 40 00 01 1C 60 00 00 D4 60 00 00 DB
D8 00 02 A0 D2 00 02 74 00 00 00 63 C0 00 00 31
D8 00 80 00 D2 01 00 00 40 00 01 0C 60 00 00 44
60 00 00 49 D8 00 02 AC D6 00 02 7D 00 00 00 E1
C0 00 00 33 D8 00 7F FF D6 01 00 00 40 00 01 1C
D6 00 FF FF 30 00 01 1C 60 00 00 94 60 00 00 92
60 00 00 04 60 00 00 00 60 00 01 C0 30 00 00 D7
DE 00 00 01 30 00 00 FB D8 00 02 9D D2 00 02 8E
00 00 01 0B C0 00 00 34 D8 00 80 00 D4 01 00 00
40 00 01 14 60 00 00 DC 60 00 00 DB D8 00 02 9A
D2 00 02 97 00 00 00 63 C0 00 00 31 D0 00 00 00
D8 00 02 D2 C0 00 00 34 D0 00 00 01 D8 00 02 D2
C0 00 00 34 D0 00 00 00 D8 00 02 D2 C0 00 00 34
D8 00 80 00 D2 01 00 00 40 00 01 0C 60 00 00 44
60 00 00 49 D8 00 02 AF D6 00 02 A9 00 00 00 E1
C0 00 00 33 D0 00 00 01 D8 00 02 D2 C0 00 00 34
D0 00 00 00 D8 00 02 D2 C0 00 00 34 D8 00 7F FF
D6 01 00 00 40 00 01 1C D6 00 FF FF 30 00 01 1C
60 00 00 04 60 00 00 00 60 00 00 94 60 00 00 92
60 00 01 D2 30 00 00 C7 DE 00 00 01 30 00 00 FB
D8 00 02 CF D2 00 02 C0 00 00 01 0B C0 00 00 34
D8 00 80 00 D4 01 00 00 40 00 01 14 60 00 00 DC
60 00 00 DB D8 00 02 CC D2 00 02 C9 00 00 00 63
C0 00 00 31 D0 00 00 01 D8 00 02 D2 C0 00 00 34
D0 00 00 00 D8 00 02 D2 C0 00 00 34 D0 00 00 00
D8 00 02 D2 C0 00 00 34 D4 00 03 19 D6 00 02 D6
00 00 00 98 C0 00 00 32 D0 00 00 2D D4 00 00 07
30 00 00 AA 20 00 01 90 D4 00 00 04 30 00 00 AA
10 00 00 32 30 00 00 97 10 00 00 72 D4 00 00 08
30 00 00 AA 20 00 01 90 30 00 00 97 20 00 01 91
D0 00 00 01 D6 00 00 08 30 00 00 EB 10 00 00 B3
30 00 00 DF 10 00 00 F3 30 00 00 43 30 00 00 16
D6 00 00 04 30 00 00 EB 20 00 01 98 30 00 00 DF
20 00 01 99 D4 00 00 08 30 00 00 AA 20 00 01 90
30 00 00 97 20 00 01 91 D0 00 00 01 D6 00 00 08
30 00 00 EB 10 00 00 B3 30 00 00 DF 10 00 00 F3
60 00 01 C0 30 00 00 5F DE 00 00 01 30 00 00 79
30 00 00 16 D6 00 00 07 30 00 00 EB 10 00 00 B3
20 00 00 0A 30 00 00 16 D0 00 00 00 D4 00 00 07
30 00 00 AA 20 00 01 90 D4 00 00 01 30 00 00 AA
10 00 00 32 D6 00 00 07 30 00 00 EB 10 00 00 B3
60 00 01 C0 30 00 00 17 DE 00 00 01 30 00 00 38
D6 00 00 01 30 00 00 EB 20 00 01 98 D4 00 03 1A
C0 00 00 32 D0 00 00 01 D4 00 00 01 30 00 00 AA
10 00 00 32 D6 00 00 07 30 00 00 EB 20 00 01 98
D0 00 00 01 D4 00 00 07 30 00 00 AA 10 00 00 32
D4 00 00 08 30 00 00 AA 20 00 01 90 D0 00 00 0A
D6 00 00 08 30 00 00 EB 10 00 00 B3 D8 00 80 00
D6 01 00 00 40 00 01 1C 60 00 00 D4 60 00 00 DB
D8 00 03 60 D2 00 03 34 00 00 00 63 C0 00 00 31
D8 00 80 00 D2 01 00 00 40 00 01 0C 60 00 00 44
60 00 00 49 D8 00 03 6C D6 00 03 3D 00 00 00 E1
C0 00 00 33 D8 00 7F FF D6 01 00 00 40 00 01 1C
D6 00 FF FF 30 00 01 1C 60 00 00 94 60 00 00 92
60 00 00 04 60 00 00 00 60 00 01 C0 30 00 00 D7
DE 00 00 01 30 00 00 FB D8 00 03 5D D2 00 03 4E
00 00 01 0B C0 00 00 34 D8 00 80 00 D4 01 00 00
40 00 01 14 60 00 00 DC 60 00 00 DB D8 00 03 5A
D2 00 03 57 00 00 00 63 C0 00 00 31 D0 00 00 01
D8 00 03 92 C0 00 00 34 D0 00 00 00 D8 00 03 92
C0 00 00 34 D0 00 00 01 D8 00 03 92 C0 00 00 34
D8 00 80 00 D2 01 00 00 40 00 01 0C 60 00 00 44
60 00 00 49 D8 00 03 6F D6 00 03 69 00 00 00 E1
C0 00 00 33 D0 00 00 00 D8 00 03 92 C0 00 00 34
D0 00 00 01 D8 00 03 92 C0 00 00 34 D8 00 7F FF
D6 01 00 00 40 00 01 1C D6 00 FF FF 30 00 01 1C
60 00 00 04 60 00 00 00 60 00 00 94 60 00 00 92
60 00 01 D2 30 00 00 C7 DE 00 00 01 30 00 00 FB
D8 00 03 8F D2 00 03 80 00 00 01 0B C0 00 00 34
D8 00 80 00 D4 01 00 00 40 00 01 14 60 00 00 DC
60 00 00 DB D8 00 03 8C D2 00 03 89 00 00 00 63
C0 00 00 31 D0 00 00 00 D8 00 03 92 C0 00 00 34
D0 00 00 01 D8 00 03 92 C0 00 00 34 D0 00 00 01
D8 00 03 92 C0 00 00 34 D4 00 03 B5 D6 00 03 96
00 00 00 98 C0 00 00 32 D4 00 00 06 30 00 00 AA
10 00 00 32 D4 00 00 08 30 00 00 AA 20 00 01 90
D0 00 00 01 D6 00 00 08 30 00 00 EB 10 00 00 B3
30 00 00 10 D6 00 00 06 30 00 00 EB 20 00 01 98
D4 00 00 07 30 00 00 AA 10 00 00 32 D4 00 00 08
30 00 00 AA 20 00 01 90 D0 00 00 0A D6 00 00 08
30 00 00 EB 10 00 00 B3 50 00 00 10 D6 00 00 07
30 00 00 EB 20 00 01 98 D0 00 00 01 D4 00 03 21
C0 00 00 32 D0 00 00 00 D4 00 00 07 30 00 00 AA
20 00 01 90 D4 00 00 04 30 00 00 AA 10 00 00 32
30 00 00 97 10 00 00 72 D4 00 00 08 30 00 00 AA
20 00 01 90 30 00 00 97 20 00 01 91 D4 00 00 06
30 00 00 AA 10 00 00 32 D4 00 00 0A 30 00 00 AA
20 00 01 90 D0 00 00 01 D6 00 00 0A 30 00 00 EB
10 00 00 B3 30 00 00 10 D6 00 00 08 30 00 00 EB
10 00 00 B3 30 00 00 DF 10 00 00 F3 30 00 00 43
30 00 00 16 D6 00 00 07 30 00 00 EB 10 00 00 B3
20 00 00 0A 30 00 00 16 D0 00 00 01 D4 00 00 06
30 00 00 AA 10 00 00 32 D4 00 00 07 30 00 00 AA
20 00 01 90 D0 00 00 00 D6 00 00 07 30 00 00 EB
10 00 00 B3 D8 00 80 00 D6 01 00 00 40 00 01 1C
60 00 00 D4 60 00 00 DB D8 00 04 1A D2 00 03 EE
00 00 00 63 C0 00 00 31 D8 00 80 00 D2 01 00 00
40 00 01 0C 60 00 00 44 60 00 00 49 D8 00 04 26
D6 00 03 F7 00 00 00 E1 C0 00 00 33 D8 00 7F FF
D6 01 00 00 40 00 01 1C D6 00 FF FF 30 00 01 1C
60 00 00 94 60 00 00 92 60 00 00 04 60 00 00 00
60 00 01 C0 30 00 00 D7 DE 00 00 01 30 00 00 FB
D8 00 04 17 D2 00 04 08 00 00 01 0B C0 00 00 34
D8 00 80 00 D4 01 00 00 40 00 01 14 60 00 00 DC
60 00 00 DB D8 00 04 14 D2 00 04 11 00 00 00 63
C0 00 00 31 D0 00 00 01 D8 00 04 4C C0 00 00 34
D0 00 00 00 D8 00 04 4C C0 00 00 34 D0 00 00 01
D8 00 04 4C C0 00 00 34 D8 00 80 00 D2 01 00 00
40 00 01 0C 60 00 00 44 60 00 00 49 D8 00 04 29
D6 00 04 23 00 00 00 E1 C0 00 00 33 D0 00 00 00
D8 00 04 4C C0 00 00 34 D0 00 00 01 D8 00 04 4C
C0 00 00 34 D8 00 7F FF D6 01 00 00 40 00 01 1C
D6 00 FF FF 30 00 01 1C 60 00 00 04 60 00 00 00
60 00 00 94 60 00 00 92 60 00 01 D2 30 00 00 C7
DE 00 00 01 30 00 00 FB D8 00 04 49 D2 00 04 3A
00 00 01 0B C0 00 00 34 D8 00 80 00 D4 01 00 00
40 00 01 14 60 00 00 DC 60 00 00 DB D8 00 04 46
D2 00 04 43 00 00 00 63 C0 00 00 31 D0 00 00 00
D8 00 04 4C C0 00 00 34 D0 00 00 01 D8 00 04 4C
C0 00 00 34 D0 00 00 01 D8 00 04 4C C0 00 00 34
D4 00 04 BB D6 00 04 50 00 00 00 98 C0 00 00 32
D4 00 00 01 30 00 00 AA 10 00 00 32 D4 00 00 07
30 00 00 AA 20 00 01 90 D0 00 00 0A D4 00 00 08
30 00 00 AA 20 00 01 90 D4 00 00 01 30 00 00 AA
10 00 00 32 D4 00 00 09 30 00 00 AA 20 00 01 90
D0 00 00 0A D6 00 00 09 30 00 00 EB 10 00 00 B3
50 00 00 10 D6 00 00 08 30 00 00 EB 10 00 00 B3
40 00 00 10 D6 00 00 07 30 00 00 EB 10 00 00 B3
60 00 01 C0 30 00 00 17 DE 00 00 01 30 00 00 38
D4 00 00 07 30 00 00 AA 20 00 01 90 D0 00 00 30
D6 00 00 07 30 00 00 EB 10 00 00 B3 30 00 00 10
D4 00 00 07 30 00 00 AA 20 00 01 90 D4 00 00 04
30 00 00 AA 10 00 00 32 30 00 00 97 10 00 00 72
D4 00 00 08 30 00 00 AA 20 00 01 90 30 00 00 97
20 00 01 91 D4 00 00 06 30 00 00 AA 10 00 00 32
D4 00 00 0A 30 00 00 AA 20 00 01 90 D0 00 00 01
D6 00 00 0A 30 00 00 EB 10 00 00 B3 60 00 01 C0
30 00 00 17 DE 00 00 01 30 00 00 38 D6 00 00 06
30 00 00 EB 20 00 01 98 D4 00 00 0A 30 00 00 AA
20 00 01 90 D0 00 00 01 D6 00 00 0A 30 00 00 EB
10 00 00 B3 30 00 00 10 D6 00 00 08 30 00 00 EB
10 00 00 B3 30 00 00 DF 10 00 00 F3 30 00 00 43
30 00 00 16 D6 00 00 07 30 00 00 EB 10 00 00 B3
20 00 00 0A 30 00 00 16 D4 00 00 01 30 00 00 AA
10 00 00 32 D4 00 00 07 30 00 00 AA 20 00 01 90
D0 00 00 0A D6 00 00 07 30 00 00 EB 10 00 00 B3
50 00 00 10 D6 00 00 01 30 00 00 EB 20 00 01 98
D0 00 00 01 D4 00 03 DB C0 00 00 32 D4 00 00 02
30 00 00 AA 10 00 00 32 30 00 00 97 10 00 00 72
10 00 00 B5 C0 00 00 32 10 00 00 B5 C0 00 00 32
D4 00 00 01 30 00 00 AA 10 00 00 32 30 00 00 97
10 00 00 72 D4 00 00 08 30 00 00 AA 20 00 01 90
30 00 00 97 20 00 01 91 D4 00 00 05 30 00 00 AA
10 00 00 32 D6 00 00 08 30 00 00 EB 10 00 00 B3
30 00 00 DF 10 00 00 F3 30 00 00 43 30 00 00 16
D6 00 00 06 30 00 00 EB 20 00 01 98 30 00 00 DF
20 00 01 99 D0 00 00 01 D4 00 00 01 30 00 00 AA
10 00 00 32 30 00 00 97 10 00 00 72 D4 00 00 08
30 00 00 AA 20 00 01 90 30 00 00 97 20 00 01 91
D4 00 00 06 30 00 00 AA 10 00 00 32 30 00 00 97
10 00 00 72 D6 00 00 08 30 00 00 EB 10 00 00 B3
30 00 00 DF 10 00 00 F3 60 00 01 C9 30 00 00 5F
DE 00 00 01 30 00 00 79 60 00 01 C0 30 00 00 17
DE 00 00 01 30 00 00 38 60 00 00 C0 60 00 00 09
60 00 00 18 D4 00 05 4E D6 00 05 01 00 00 00 98
C0 00 00 32 D4 00 00 03 30 00 00 AA 10 00 00 32
30 00 00 97 10 00 00 72 10 00 00 01 D4 00 00 08
30 00 00 AA 20 00 01 90 D4 00 00 01 30 00 00 AA
10 00 00 32 30 00 00 97 10 00 00 72 D6 00 00 08
30 00 00 EB 10 00 00 B3 20 00 00 0A 30 00 00 16
D4 00 00 01 30 00 00 AA 10 00 00 32 30 00 00 97
10 00 00 72 D4 00 00 08 30 00 00 AA 20 00 01 90
30 00 00 97 20 00 01 91 D0 00 00 01 D6 00 00 08
30 00 00 EB 10 00 00 B3 30 00 00 DF 10 00 00 F3
30 00 00 43 30 00 00 16 D6 00 00 01 30 00 00 EB
20 00 01 98 30 00 00 DF 20 00 01 99 D4 00 00 08
30 00 00 AA 20 00 01 90 30 00 00 97 20 00 01 91
D4 00 00 03 30 00 00 AA 10 00 00 32 30 00 00 97
10 00 00 72 D4 00 00 0A 30 00 00 AA 20 00 01 90
30 00 00 97 20 00 01 91 D0 00 00 01 D6 00 00 0A
30 00 00 EB 10 00 00 B3 30 00 00 DF 10 00 00 F3
30 00 00 43 30 00 00 16 D6 00 00 03 30 00 00 EB
20 00 01 98 30 00 00 DF 20 00 01 99 D6 00 00 08
30 00 00 EB 10 00 00 B3 30 00 00 DF 10 00 00 F3
D4 00 04 DE C0 00 00 32 10 00 00 B5 C0 00 00 32
D0 00 00 68 D6 00 00 0D 80 00 00 13 D6 00 00 04
30 00 00 EB 20 00 01 9A 20 00 00 B0 D0 00 00 65
D4 00 00 04 30 00 00 AA 10 00 00 B2 D6 00 00 01
20 00 00 98 D0 00 00 6C D4 00 00 04 30 00 00 AA
10 00 00 B2 D6 00 00 02 20 00 00 98 D0 00 00 6C
D4 00 00 04 30 00 00 AA 10 00 00 B2 D6 00 00 03
20 00 00 98 D0 00 00 6F D4 00 00 04 30 00 00 AA
10 00 00 B2 D6 00 00 04 20 00 00 98 D0 00 00 20
D4 00 00 04 30 00 00 AA 10 00 00 B2 D6 00 00 05
20 00 00 98 D0 00 00 77 D4 00 00 04 30 00 00 AA
10 00 00 B2 D6 00 00 06 20 00 00 98 D0 00 00 6F
D4 00 00 04 30 00 00 AA 10 00 00 B2 D6 00 00 07
20 00 00 98 D0 00 00 72 D4 00 00 04 30 00 00 AA
10 00 00 B2 D6 00 00 08 20 00 00 98 D0 00 00 6C
D4 00 00 04 30 00 00 AA 10 00 00 B2 D6 00 00 09
20 00 00 98 D0 00 00 64 D4 00 00 04 30 00 00 AA
10 00 00 B2 D6 00 00 0A 20 00 00 98 D0 00 00 0A
D4 00 00 04 30 00 00 AA 10 00 00 B2 D6 00 00 0B
20 00 00 98 D0 00 00 00 D4 00 00 04 30 00 00 AA
10 00 00 B2 D6 00 00 0C 20 00 00 98 D6 00 00 04
30 00 00 EB 10 00 00 33 30 00 00 76 D6 00 00 02
30 00 00 EB 20 00 01 98 30 00 00 DF 20 00 01 99
D4 00 00 01 30 00 01 6A D6 00 05 AE 20 00 01 AB
D4 00 01 6B C0 00 00 32 D4 00 00 01 60 00 01 D2
30 00 01 6F DE 00 00 01 30 00 01 7D 10 00 00 B5
C0 00 00 32 
% UMIX shutdown: console EOF
