

















































12:00:00 1/1/19100
Welcome to Universal Machine IX (UMIX).

This machine is a shared resource. Please do not log
in to multiple simultaneous UMIX servers. No game playing
is allowed.

Please log in (use 'guest' for visitor access).
;login: password: logged in as yang


% Begin sending characters. Terminate with EOF...
writing 4 characters
% % 
[balance] Running test 1/1...

 === machine state === 
mem M:
00 01 00 00 00 00 00 00  00 00 00 00 00 00 00 00
00 00 00 00 00 00 00 00  00 00 00 00 00 00 00 00
00 00 00 00 00 00 00 00  00 00 00 00 00 00 00 00
00 00 00 00 00 00 00 00  00 00 00 00 00 00 00 00
00 00 00 00 00 00 00 00  00 00 00 00 00 00 00 00
00 00 00 00 00 00 00 00  00 00 00 00 00 00 00 00
79 61 6E 67 3A 55 2B 32  36 32 46 3A 2F 68 6F 6D
65 2F 79 61 6E 67 00 00  00 00 00 00 00 00 00 00
00 00 00 00 00 00 00 00  00 00 00 00 00 00 00 00
67 61 72 64 65 6E 65 72  3A 6D 61 74 68 65 6D 61
6E 74 69 63 61 3A 2F 68  6F 6D 65 2F 67 61 72 64
65 6E 65 72 00 00 00 00  00 00 00 00 00 00 00 00
00 00 00 00 00 00 00 00  00 00 00 00 00 00 00 00
6F 68 6D 65 67 61 3A 62  69 64 69 72 65 63 74 69
6F 6E 61 6C 3A 2F 68 6F  6D 65 2F 6F 68 6D 65 67
61 00 00 00 00 00 00 00  00 00 00 00 00 00 00 00
src regs sR: { 00 01 02 03 }
dst regs dR: { 04 05 }
IS: 1 IP: 0
 === machine state === 
mem M:
00 01 00 00 00 00 00 00  00 00 00 00 00 00 00 00    ........ ........ 
00 00 00 00 00 00 00 00  00 00 00 00 00 00 00 00    ........ ........ 
00 00 00 00 00 00 00 00  00 00 00 00 00 00 00 00    ........ ........ 
00 00 00 00 00 00 00 00  00 00 00 00 00 00 00 00    ........ ........ 
00 00 00 00 00 00 00 00  00 00 00 00 00 00 00 00    ........ ........ 
00 00 00 00 00 00 00 00  00 00 00 00 00 00 00 00    ........ ........ 
79 61 6E 67 3A 55 2B 32  36 32 46 3A 2F 68 6F 6D    yang:U+2 62F:/hom 
65 2F 79 61 6E 67 00 00  00 00 00 00 00 00 00 00    e/yang.. ........ 
00 00 00 00 00 00 00 00  00 00 00 00 00 00 00 00    ........ ........ 
67 61 72 64 65 6E 65 72  3A 6D 61 74 68 65 6D 61    gardener :mathema 
6E 74 69 63 61 3A 2F 68  6F 6D 65 2F 67 61 72 64    ntica:/h ome/gard 
65 6E 65 72 00 00 00 00  00 00 00 00 00 00 00 00    ener.... ........ 
00 00 00 00 00 00 00 00  00 00 00 00 00 00 00 00    ........ ........ 
6F 68 6D 65 67 61 3A 62  69 64 69 72 65 63 74 69    ohmega:b idirecti 
6F 6E 61 6C 3A 2F 68 6F  6D 65 2F 6F 68 6D 65 67    onal:/ho me/ohmeg 
61 00 00 00 00 00 00 00  00 00 00 00 00 00 00 00    a....... ........ 
src regs sR: { 01 F0 02 03 }
dst regs dR: { 04 05 }
IS: 1 IP: 1
Your code solved puzzle stop!
BLNCE.STP=10@999999|e1c3e7108c2a7697cc11151dc5649eb
% Begin sending characters. Terminate with EOF...
writing 6 characters
% % 
[balance] Running test 1/1...

 === machine state === 
mem M:
00 01 00 00 00 00 00 00  00 00 00 00 00 00 00 00
00 00 00 00 00 00 00 00  00 00 00 00 00 00 00 00
00 00 00 00 00 00 00 00  00 00 00 00 00 00 00 00
00 00 00 00 00 00 00 00  00 00 00 00 00 00 00 00
00 00 00 00 00 00 00 00  00 00 00 00 00 00 00 00
00 00 00 00 00 00 00 00  00 00 00 00 00 00 00 00
79 61 6E 67 3A 55 2B 32  36 32 46 3A 2F 68 6F 6D
65 2F 79 61 6E 67 00 00  00 00 00 00 00 00 00 00
00 00 00 00 00 00 00 00  00 00 00 00 00 00 00 00
67 61 72 64 65 6E 65 72  3A 6D 61 74 68 65 6D 61
6E 74 69 63 61 3A 2F 68  6F 6D 65 2F 67 61 72 64
65 6E 65 72 00 00 00 00  00 00 00 00 00 00 00 00
00 00 00 00 00 00 00 00  00 00 00 00 00 00 00 00
6F 68 6D 65 67 61 3A 62  69 64 69 72 65 63 74 69
6F 6E 61 6C 3A 2F 68 6F  6D 65 2F 6F 68 6D 65 67
61 00 00 00 00 00 00 00  00 00 00 00 00 00 00 00
src regs sR: { 00 00 00 00 }
dst regs dR: { 00 00 }
IS: 1 IP: 0
 === machine state === 
mem M:
00 01 00 00 00 00 00 00  00 00 00 00 00 00 00 00    ........ ........ 
00 00 00 00 00 00 00 00  00 00 00 00 00 00 00 00    ........ ........ 
00 00 00 00 00 00 00 00  00 00 00 00 00 00 00 00    ........ ........ 
00 00 00 00 00 00 00 00  00 00 00 00 00 00 00 00    ........ ........ 
00 00 00 00 00 00 00 00  00 00 00 00 00 00 00 00    ........ ........ 
00 00 00 00 00 00 00 00  00 00 00 00 00 00 00 00    ........ ........ 
79 61 6E 67 3A 55 2B 32  36 32 46 3A 2F 68 6F 6D    yang:U+2 62F:/hom 
65 2F 79 61 6E 67 00 00  00 00 00 00 00 00 00 00    e/yang.. ........ 
00 00 00 00 00 00 00 00  00 00 00 00 00 00 00 00    ........ ........ 
67 61 72 64 65 6E 65 72  3A 6D 61 74 68 65 6D 61    gardener :mathema 
6E 74 69 63 61 3A 2F 68  6F 6D 65 2F 67 61 72 64    ntica:/h ome/gard 
65 6E 65 72 00 00 00 00  00 00 00 00 00 00 00 00    ener.... ........ 
00 00 00 00 00 00 00 00  00 00 00 00 00 00 00 00    ........ ........ 
6F 68 6D 65 67 61 3A 62  69 64 69 72 65 63 74 69    ohmega:b idirecti 
6F 6E 61 6C 3A 2F 68 6F  6D 65 2F 6F 68 6D 65 67    onal:/ho me/ohmeg 
61 00 00 00 00 00 00 00  00 00 00 00 00 00 00 00    a....... ........ 
src regs sR: { 01 00 00 00 }
dst regs dR: { 00 01 }
IS: 1 IP: 2
Your code solved puzzle stop1!
BLNCE.ST1=5@999999|bb606534654eb4acf7663f72acac3ad
% Begin sending characters. Terminate with EOF...
Transferred 512...
writing 510 characters
% % 
[balance] Running test 1/1...

 === machine state === 
mem M:
00 00 00 00 00 00 00 00  00 00 00 00 00 00 00 00
00 00 00 00 00 00 00 00  00 00 00 00 00 00 00 00
00 00 00 00 00 00 00 00  00 00 00 00 00 00 00 00
00 00 00 00 00 00 00 00  00 00 00 00 00 00 00 00
00 00 00 00 00 00 00 00  00 00 00 00 00 00 00 00
00 00 00 00 00 00 00 00  00 00 00 00 00 00 00 00
00 00 00 00 00 00 00 00  00 00 00 00 00 00 00 00
00 00 00 00 00 00 00 00  00 00 00 00 00 00 00 7F
00 00 00 00 00 00 00 00  00 00 00 00 00 00 00 00
00 00 00 00 00 00 00 00  00 00 00 00 00 00 00 00
00 00 00 00 00 00 00 00  00 00 00 00 00 00 00 00
00 00 00 00 00 00 00 00  00 00 00 00 00 00 00 00
00 00 00 00 00 00 00 00  00 00 00 00 00 00 00 00
00 00 00 00 00 00 00 00  00 00 00 00 00 00 00 00
00 00 00 00 00 00 00 00  00 00 00 00 00 00 00 00
00 00 00 00 00 00 00 00  00 00 00 00 00 00 00 00
src regs sR: { 00 00 00 00 }
dst regs dR: { 00 00 }
IS: 1 IP: 0
 === machine state === 
mem M:
00 00 00 00 00 00 00 00  00 00 00 00 00 00 00 00    ........ ........ 
00 00 00 00 00 00 00 00  00 00 00 00 00 00 00 00    ........ ........ 
00 00 00 00 00 00 00 00  00 00 00 00 00 00 00 00    ........ ........ 
00 00 00 00 00 00 00 00  00 00 00 00 00 00 00 00    ........ ........ 
00 00 00 00 00 00 00 00  00 00 00 00 00 00 00 00    ........ ........ 
00 00 00 00 00 00 00 00  00 00 00 00 00 00 00 00    ........ ........ 
00 00 00 00 00 00 00 00  00 00 00 00 00 00 00 00    ........ ........ 
00 00 00 00 00 00 00 00  00 00 00 00 00 00 00 7F    ........ ....... 
00 00 00 00 00 00 00 00  00 00 00 00 00 00 00 00    ........ ........ 
00 00 00 00 00 00 00 00  00 00 00 00 00 00 00 00    ........ ........ 
00 00 00 00 00 00 00 00  00 00 00 00 00 00 00 00    ........ ........ 
00 00 00 00 00 00 00 00  00 00 00 00 00 00 00 00    ........ ........ 
00 00 00 00 00 00 00 00  00 00 00 00 00 00 00 00    ........ ........ 
00 00 00 00 00 00 00 00  00 00 00 00 00 00 00 00    ........ ........ 
00 00 00 00 00 00 00 00  00 00 00 00 00 00 00 00    ........ ........ 
00 00 00 00 00 00 00 00  00 00 00 00 00 00 00 00    ........ ........ 
src regs sR: { 7F 00 00 00 }
dst regs dR: { 00 7F }
IS: 1 IP: 254
Your code solved puzzle stop127!
BLNCE.S27=5@999999|fdd233b6fd1688418931d2cc88ad439
% Begin sending characters. Terminate with EOF...
Transferred 512...
writing 514 characters
% % 
[balance] Running test 1/1...

 === machine state === 
mem M:
00 00 00 00 00 00 00 00  00 00 00 00 00 00 00 00
00 00 00 00 00 00 00 00  00 00 00 00 00 00 00 00
00 00 00 00 00 00 00 00  00 00 00 00 00 00 00 00
00 00 00 00 00 00 00 00  00 00 00 00 00 00 00 00
00 00 00 00 00 00 00 00  00 00 00 00 00 00 00 00
00 00 00 00 00 00 00 00  00 00 00 00 00 00 00 00
00 00 00 00 00 00 00 00  00 00 00 00 00 00 00 00
00 00 00 00 00 00 00 00  00 00 00 00 00 00 00 00
80 00 00 00 00 00 00 00  00 00 00 00 00 00 00 00
00 00 00 00 00 00 00 00  00 00 00 00 00 00 00 00
00 00 00 00 00 00 00 00  00 00 00 00 00 00 00 00
00 00 00 00 00 00 00 00  00 00 00 00 00 00 00 00
00 00 00 00 00 00 00 00  00 00 00 00 00 00 00 00
00 00 00 00 00 00 00 00  00 00 00 00 00 00 00 00
00 00 00 00 00 00 00 00  00 00 00 00 00 00 00 00
00 00 00 00 00 00 00 00  00 00 00 00 00 00 00 00
src regs sR: { 00 00 00 00 }
dst regs dR: { 00 00 }
IS: 1 IP: 0
 === machine state === 
mem M:
00 00 00 00 00 00 00 00  00 00 00 00 00 00 00 00    ........ ........ 
00 00 00 00 00 00 00 00  00 00 00 00 00 00 00 00    ........ ........ 
00 00 00 00 00 00 00 00  00 00 00 00 00 00 00 00    ........ ........ 
00 00 00 00 00 00 00 00  00 00 00 00 00 00 00 00    ........ ........ 
00 00 00 00 00 00 00 00  00 00 00 00 00 00 00 00    ........ ........ 
00 00 00 00 00 00 00 00  00 00 00 00 00 00 00 00    ........ ........ 
00 00 00 00 00 00 00 00  00 00 00 00 00 00 00 00    ........ ........ 
00 00 00 00 00 00 00 00  00 00 00 00 00 00 00 00    ........ ........ 
80 00 00 00 00 00 00 00  00 00 00 00 00 00 00 00    ........ ........ 
00 00 00 00 00 00 00 00  00 00 00 00 00 00 00 00    ........ ........ 
00 00 00 00 00 00 00 00  00 00 00 00 00 00 00 00    ........ ........ 
00 00 00 00 00 00 00 00  00 00 00 00 00 00 00 00    ........ ........ 
00 00 00 00 00 00 00 00  00 00 00 00 00 00 00 00    ........ ........ 
00 00 00 00 00 00 00 00  00 00 00 00 00 00 00 00    ........ ........ 
00 00 00 00 00 00 00 00  00 00 00 00 00 00 00 00    ........ ........ 
00 00 00 00 00 00 00 00  00 00 00 00 00 00 00 00    ........ ........ 
src regs sR: { 80 00 00 00 }
dst regs dR: { 00 80 }
IS: 1 IP: 256
Your code solved puzzle stop128!
BLNCE.S28=5@999999|306ccded0581da98df122f50ac1b9b1
% UMIX shutdown: console EOF
